0.90482732447025 1 1 1 1
0.8623416092382875 1 1 1 0
0.9793010164760498 1 1 1 -1
0.6583605991295808 1 1 0 1
0.5962186418121939 1 1 0 0
0.7440810266332838 1 1 0 -1
0.6157875913120995 1 1 -1 1
0.5632087709704988 1 1 -1 0
0.6869823823222708 1 1 -1 -1
0.8195765255505629 1 0 1 1
0.756215715842849 1 0 1 0
0.8754740275762909 1 0 1 -1
0.555399796428664 1 0 0 1
0.45805675783470035 1 0 0 0
0.6080947571796275 1 0 0 -1
0.5238273242675779 1 0 -1 1
0.4560333123955731 1 0 -1 0
0.5689462006669515 1 0 -1 -1
0.8832198079406195 1 -1 1 1
0.8155416264337386 1 -1 1 0
0.9090248175373269 1 -1 1 -1
0.6412883500500361 1 -1 0 1
0.5496437519825188 1 -1 0 0
0.6606036822001747 1 -1 0 -1
0.586093380616284 1 -1 -1 1
0.5168577805921827 1 -1 -1 0
0.6105036027608677 1 -1 -1 -1
0.7039705126504612 0 1 1 1
0.6337005908481487 0 1 1 0
0.7748261955345088 0 1 1 -1
0.44874865992223184 0 1 0 1
0.3555209265639415 0 1 0 0
0.514636889671016 0 1 0 -1
0.4227249712278814 0 1 -1 1
0.3613509120389649 0 1 -1 0
0.4939056555662033 0 1 -1 -1
0.5973812635602004 0 0 1 1
0.49441470675934734 0 0 1 0
0.6304545539253549 0 0 1 -1
0.3036282594067609 0 0 0 1
0.33960728257017764 0 0 0 -1
0.30865520119554274 0 0 -1 1
0.20859437719298096 0 0 -1 0
0.34753995715720215 0 0 -1 -1
0.681641489475484 0 -1 1 1
0.58506576911165 0 -1 1 0
0.6824188514639751 0 -1 1 -1
0.4165523940138884 0 -1 0 1
0.2934154540702112 0 -1 0 0
0.42262221059191885 0 -1 0 -1
0.390921370310977 0 -1 -1 1
0.2857747887880228 0 -1 -1 0
0.39202373375374155 0 -1 -1 -1
0.6965607898666519 -1 1 1 1
0.638893990861377 -1 1 1 0
0.7441086140488838 -1 1 1 -1
0.46084053973955136 -1 1 0 1
0.38585963268530415 -1 1 0 0
0.513483253916226 -1 1 0 -1
0.42344134551030177 -1 1 -1 1
0.3659371775701212 -1 1 -1 0
0.4695943822404079 -1 1 -1 -1
0.592897915279015 -1 0 1 1
0.5159640501710434 -1 0 1 0
0.6197370852064571 -1 0 1 -1
0.34622614222528425 -1 0 0 1
0.23216716604375434 -1 0 0 0
0.3654892278011359 -1 0 0 -1
0.3277850830555479 -1 0 -1 1
0.24450579448550952 -1 0 -1 0
0.34384562735663204 -1 0 -1 -1
0.6488286244406127 -1 -1 1 1
0.5610340362522483 -1 -1 1 0
0.6495918797572572 -1 -1 1 -1
0.42010693918522035 -1 -1 0 1
0.30822357752753865 -1 -1 0 0
0.4063445580083306 -1 -1 0 -1
0.3695065994615899 -1 -1 -1 1
0.28852621538723094 -1 -1 -1 0
0.36699095378260027 -1 -1 -1 -1
