0.1148296634499283 1 1 1 1
0.34057250498080366 1 1 1 0
0.705828467770086 1 1 1 -1
0.2990985408738208 1 1 0 1
0.5040149403520543 1 1 0 0
0.889769738302609 1 1 0 -1
0.6465545892533797 1 1 -1 1
0.8665289931129073 1 1 -1 0
1.2425009332305428 1 1 -1 -1
-0.2704712139107621 1 0 1 1
-0.06539555788028997 1 0 1 0
0.32755508551615325 1 0 1 -1
-0.10209507031613155 1 0 0 1
0.07658964760982057 1 0 0 0
0.4954956317625432 1 0 0 -1
0.2757106747528293 1 0 -1 1
0.48366261008313827 1 0 -1 0
0.8734596028173666 1 0 -1 -1
-0.4834816339315543 1 -1 1 1
-0.2703944210347426 1 -1 1 0
0.12181806790136106 1 -1 1 -1
-0.2974814064073636 1 -1 0 1
-0.08093232066678606 1 -1 0 0
0.32240596922014586 1 -1 0 -1
0.08044741574604666 1 -1 -1 1
0.3120770587246621 1 -1 -1 0
0.6958530794047295 1 -1 -1 -1
0.2829189821389432 0 1 1 1
0.4877114443037209 0 1 1 0
0.8676217929565028 0 1 1 -1
0.45777292094866284 0 1 0 1
0.6318233681890717 0 1 0 0
1.0454547462625916 0 1 0 -1
0.8238675678314914 0 1 -1 1
1.025894482735313 0 1 -1 0
1.4233260034906459 0 1 -1 -1
-0.12422210450694499 0 0 1 1
0.0511223200901634 0 0 1 0
0.47413077740310355 0 0 1 -1
0.0199698332336751 0 0 0 1
0.6256530467971149 0 0 0 -1
0.43656822429711073 0 0 -1 1
0.619242980547597 0 0 -1 0
1.0495817695139162 0 0 -1 -1
-0.3234979479371764 0 -1 1 1
-0.1152462551290796 0 -1 1 0
0.28841004353051447 0 -1 1 -1
-0.1332485447077909 0 -1 0 1
0.058803290782107186 0 -1 0 0
0.49043605710513505 0 -1 0 -1
0.25703916244354147 0 -1 -1 1
0.4828120273542001 0 -1 -1 0
0.883702778752862 0 -1 -1 -1
0.6275634685578227 -1 1 1 1
0.8494706614411982 -1 1 1 0
1.2235242320260171 -1 1 1 -1
0.8222370188306923 -1 1 0 1
1.0245819425071736 -1 1 0 0
1.4137160703300253 -1 1 0 -1
1.1897697779693484 -1 1 -1 1
1.4032405025966546 -1 1 -1 0
1.795836503263249 -1 1 -1 -1
0.23214991456349346 -1 0 1 1
0.4480361353927052 -1 0 1 0
0.8457674136258384 -1 0 1 -1
0.4223066039661172 -1 0 0 1
0.6090838333768452 -1 0 0 0
1.0360823290142989 -1 0 0 -1
0.8224867181771779 -1 0 -1 1
1.0352192883441527 -1 0 -1 0
1.4358268458771046 -1 0 -1 -1
0.028171167569709887 -1 -1 1 1
0.2578824410155061 -1 -1 1 0
0.6435912507194187 -1 -1 1 -1
0.24356063309921547 -1 -1 0 1
0.46348904871210006 -1 -1 0 0
0.8642558627973093 -1 -1 0 -1
0.6277400230241381 -1 -1 -1 1
0.8681672737982974 -1 -1 -1 0
1.2481076458308549 -1 -1 -1 -1
