0.6620801158733252 1 1 1 1
0.591503313479267 1 1 1 0
0.7158318202871962 1 1 1 -1
0.5149502472925593 1 1 0 1
0.43801751419948765 1 1 0 0
0.5817216753262442 1 1 0 -1
0.5499919251706048 1 1 -1 1
0.49738951410249677 1 1 -1 0
0.6128894101921958 1 1 -1 -1
0.6173482969372036 1 0 1 1
0.518515697163872 1 0 1 0
0.6478478317217116 1 0 1 -1
0.46327713859660213 1 0 0 1
0.3427749946324602 1 0 0 0
0.4920073996514526 1 0 0 -1
0.5131265170797129 1 0 -1 1
0.4330922682408392 1 0 -1 0
0.5397542849661824 1 0 -1 -1
0.7694940652298186 1 -1 1 1
0.6792362024176525 1 -1 1 0
0.7658894736640788 1 -1 1 -1
0.6226770064317808 1 -1 0 1
0.5255014415378223 1 -1 0 0
0.6177587458580456 1 -1 0 -1
0.6579057483279999 1 -1 -1 1
0.5805254542865127 1 -1 -1 0
0.6574935978631463 1 -1 -1 -1
0.5684649654956277 0 1 1 1
0.5159990473253852 0 1 1 0
0.6761547548619848 0 1 1 -1
0.39482147478944546 0 1 0 1
0.3148674992048337 0 1 0 0
0.5067007269384662 0 1 0 -1
0.4442820428782155 0 1 -1 1
0.3928043828033377 0 1 -1 0
0.5395947175266956 0 1 -1 -1
0.511478709751284 0 0 1 1
0.4093401672248006 0 0 1 0
0.573259733788186 0 0 1 -1
0.3130558222964603 0 0 0 1
0.3694541664344653 0 0 0 -1
0.39101167392346997 0 0 -1 1
0.2834904514980785 0 0 -1 0
0.4420273381625914 0 0 -1 -1
0.6773185580719878 0 -1 1 1
0.5869265674866414 0 -1 1 0
0.6948025716995319 0 -1 1 -1
0.5185748517570532 0 -1 0 1
0.38313996816141416 0 -1 0 0
0.5194922878840552 0 -1 0 -1
0.5621791639538656 0 -1 -1 1
0.45842180055527937 0 -1 -1 0
0.5672860628635339 0 -1 -1 -1
0.6756815931817928 -1 1 1 1
0.6551117937431719 -1 1 1 0
0.7888904319226709 -1 1 1 -1
0.510097025449985 -1 1 0 1
0.4742380652677759 -1 1 0 0
0.6278119742997473 -1 1 0 -1
0.5323780375293163 -1 1 -1 1
0.5021231104208995 -1 1 -1 0
0.64877931737108 -1 1 -1 -1
0.6262147492414295 -1 0 1 1
0.5759510766540972 -1 0 1 0
0.7123836696309845 -1 0 1 -1
0.4526181481999938 -1 0 0 1
0.3597840873190111 -1 0 0 0
0.5366845754211675 -1 0 0 -1
0.48260886454354524 -1 0 -1 1
0.409675074123721 -1 0 -1 0
0.5649060180350634 -1 0 -1 -1
0.7676223434240393 -1 -1 1 1
0.7085207914723538 -1 -1 1 0
0.8175215466784725 -1 -1 1 -1
0.6106048928313845 -1 -1 0 1
0.5232990758426387 -1 -1 0 0
0.6566301530737243 -1 -1 0 -1
0.61886532206563 -1 -1 -1 1
0.5509351593957136 -1 -1 -1 0
0.6779103059277839 -1 -1 -1 -1
