5.599912874283755 1.0 1.0 1.0 1.0
3.1585278572729982 1.0 1.0 1.0 0.0
2.1582073297464874 1.0 1.0 1.0 -1.0
3.2553844870410096 1.0 1.0 0.0 1.0
0.5631524953816889 1.0 1.0 0.0 0.0
-0.2689304341307435 1.0 1.0 0.0 -1.0
2.7302537943315426 1.0 1.0 -1.0 1.0
0.0006306762503894387 1.0 1.0 -1.0 0.0
-1.3702179137446342 1.0 1.0 -1.0 -1.0
7.361211823752873 1.0 0.0 1.0 1.0
5.9405132170231525 1.0 0.0 1.0 0.0
5.3655693965514635 1.0 0.0 1.0 -1.0
4.453320044709892 1.0 0.0 0.0 1.0
2.4524835919097203 1.0 0.0 0.0 0.0
2.440107033267406 1.0 0.0 0.0 -1.0
3.269700031214869 1.0 0.0 -1.0 1.0
1.457654995727449 1.0 0.0 -1.0 0.0
0.7944517095759992 1.0 0.0 -1.0 -1.0
10.945073554404702 1.0 -1.0 1.0 1.0
9.844758719848738 1.0 -1.0 1.0 0.0
9.371116975058005 1.0 -1.0 1.0 -1.0
8.096072867879293 1.0 -1.0 0.0 1.0
6.583026115283175 1.0 -1.0 0.0 0.0
6.570649556640861 1.0 -1.0 0.0 -1.0
6.325163682238228 1.0 -1.0 -1.0 1.0
5.154090163179703 1.0 -1.0 -1.0 0.0
4.566463005209911 1.0 -1.0 -1.0 -1.0
5.359136652465705 0.0 1.0 1.0 1.0
2.521248493597086 0.0 1.0 1.0 0.0
0.7415896060618927 0.0 1.0 1.0 -1.0
3.627421921770342 0.0 1.0 0.0 1.0
0.5005759474528266 0.0 1.0 0.0 0.0
-0.9482732242361505 0.0 1.0 0.0 -1.0
3.8407075319989508 0.0 1.0 -1.0 1.0
1.0317576363263943 0.0 1.0 -1.0 0.0
-1.0417150148066112 0.0 1.0 -1.0 -1.0
5.857443914463556 0.0 0.0 1.0 1.0
3.5063481312266696 0.0 0.0 1.0 0.0
3.1059408551125833 0.0 0.0 1.0 -1.0
3.126845974317515 0.0 0.0 0.0 1.0
-0.01237655864231435 0.0 0.0 0.0 -1.0
3.5772564569620715 0.0 0.0 -1.0 1.0
0.6497043960095223 0.0 0.0 -1.0 0.0
-0.32172370409418743 0.0 0.0 -1.0 -1.0
8.727861895429339 0.0 -1.0 1.0 1.0
7.367090425297242 0.0 -1.0 1.0 0.0
6.8660944283361705 0.0 -1.0 1.0 -1.0
5.955387638756011 0.0 -1.0 0.0 1.0
4.130542523373455 0.0 -1.0 0.0 0.0
4.118165964731141 0.0 -1.0 0.0 -1.0
4.8498743864967455 0.0 -1.0 -1.0 1.0
3.212187236017642 0.0 -1.0 -1.0 0.0
2.6637727844594457 0.0 -1.0 -1.0 -1.0
5.949070110116546 -1.0 1.0 1.0 1.0
3.162246471509006 -1.0 1.0 1.0 0.0
0.9933502865349114 -1.0 1.0 1.0 -1.0
4.969113270952063 -1.0 1.0 0.0 1.0
1.842267296634547 -1.0 1.0 0.0 0.0
0.1376407578921001 -1.0 1.0 0.0 -1.0
5.1834587384554816 -1.0 1.0 -1.0 1.0
2.4401275594804654 -1.0 1.0 -1.0 0.0
0.2585915155681999 -1.0 1.0 -1.0 -1.0
5.710387923110562 -1.0 0.0 1.0 1.0
3.0468256983647932 -1.0 0.0 1.0 0.0
1.5502365730920984 -1.0 0.0 1.0 -1.0
4.468537323499236 -1.0 0.0 0.0 1.0
1.3416913491817204 -1.0 0.0 0.0 0.0
-0.03481204951114528 -1.0 0.0 0.0 -1.0
4.724243311808485 -1.0 0.0 -1.0 1.0
1.9913957451912427 -1.0 0.0 -1.0 0.0
0.2711705997189217 -1.0 0.0 -1.0 -1.0
7.313936322788427 -1.0 -1.0 1.0 1.0
5.325782579774288 -1.0 -1.0 1.0 0.0
4.5582588619484925 -1.0 -1.0 1.0 -1.0
5.309844749698234 -1.0 -1.0 0.0 1.0
2.8709841459839187 -1.0 -1.0 0.0 0.0
2.0328177141514896 -1.0 -1.0 0.0 -1.0
5.1459985719034425 -1.0 -1.0 -1.0 1.0
2.9124896364043376 -1.0 -1.0 -1.0 0.0
1.683517399623819 -1.0 -1.0 -1.0 -1.0
