1.2505835516349502 1 1 1
0.9806101530133408 1 1 0
0.9534754197805687 1 1 -1
1.0166489490900277 1 0 1
0.7386158969356481 1 0 0
0.7143392365287474 1 0 -1
0.999326360558074 1 -1 1
0.6951307407839801 1 -1 0
0.6240172076758398 1 -1 -1
0.9210352333712253 0 1 1
0.5083904875762392 0 1 0
0.4609822936832778 0 1 -1
0.6472592462445054 0 0 1
0.11456363305750862 0 0 -1
0.6313545200395213 0 -1 1
0.1460671007454765 0 -1 0
0.026016233353471405 0 -1 -1
0.8858864369181019 -1 1 1
0.424304356839232 -1 1 0
0.19580436342632976 -1 1 -1
0.613885078940241 -1 0 1
0.10546612616014692 -1 0 0
-0.14919643487245374 -1 0 -1
0.4906978753612954 -1 -1 1
-0.014863004592915886 -1 -1 0
-0.27758521915827405 -1 -1 -1
