0.9296593550011639 1 1 1
0.386946187790552 1 1 0
0.18383922653840107 1 1 -1
0.9208274638044455 1 0 1
0.3707886791522438 1 0 0
0.27388763862453297 1 0 -1
1.0797769463053186 1 -1 1
0.6150552029304175 1 -1 0
0.4999176336823627 1 -1 -1
0.8179580326955833 0 1 1
0.16929044395110943 0 1 0
-0.03933092456119021 0 1 -1
0.8089507115665601 0 0 1
0.05727385832454311 0 0 -1
0.9718887554275198 0 -1 1
0.42883327069780114 0 -1 0
0.3258240062002501 0 -1 -1
0.8185824793237831 -1 1 1
0.1820431953298107 -1 1 0
-0.10491191453728903 -1 1 -1
0.8520953110126487 -1 0 1
0.19731949829833145 -1 0 0
-0.004318570291480898 -1 0 -1
1.0215897256732065 -1 -1 1
0.4730198336833398 -1 -1 0
0.26405614765192453 -1 -1 -1
