  0.840287          1          1          1
   1.19238          1          1          0
   1.85336          1          1         -1
  0.238734          1          0          1
  0.512736          1          0          0
   1.24087          1          0         -1
-0.0599557          1         -1          1
  0.329112          1         -1          0
   1.01717          1         -1         -1
  0.625117          0          1          1
  0.679643          0          1          0
   1.32181          0          1         -1
 0.0386214          0          0          1
  0.728126          0          0         -1
  0.120229          0         -1          1
  0.165434          0         -1          0
  0.782068          0         -1         -1
  0.998465         -1          1          1
  0.983172         -1          1          0
   1.28242         -1          1         -1
  0.687747         -1          0          1
  0.649126         -1          0          0
   1.06101         -1          0         -1
  0.791038         -1         -1          1
  0.814559         -1         -1          0
   1.19315         -1         -1         -1
