0.0443976           1           1           1
  0.0348609           1           1           0
  0.0591481           1           1          -1
  0.0168093           1           0           1
 0.00370291           1           0           0
  0.0327509           1           0          -1
 0.00424462           1          -1           1
-0.00455382           1          -1           0
  0.0225671           1          -1          -1
  0.0420703           0           1           1
   0.032421           0           1           0
  0.0565447           0           1          -1
  0.0140911           0           0           1
  0.0348495           0           0          -1
  0.0189117           0          -1           1
  0.0152056           0          -1           0
  0.0452513           0          -1          -1
   0.150914          -1           1           1
   0.144175          -1           1           0
   0.173413          -1           1          -1
   0.142641          -1           0           1
   0.134278          -1           0           0
   0.168133          -1           0          -1
   0.151699          -1          -1           1
   0.147834          -1          -1           0
    0.17777          -1          -1          -1