3.87225477825699 1 1 1
3.53988849665868 1 1 0
4.16427378866738 1 1 -1
2.16691257353783 1 0 1
1.83454629193951 1 0 0
2.41256673646013 1 0 -1
0.634671913995006 1 -1 1
0.319674710122942 1 -1 0
1.16589932428476 1 -1 -1
2.03770848631748 0 1 1
1.70534220471917 0 1 0
2.3797457712366 0 1 -1
0.332366281598313 0 0 1
1.57484702896842 0 0 -1
-0.221526875001559 0 -1 1
0.500923912188628 0 -1 0
2.04819826729577 0 -1 -1
0.410995813378566 -1 1 1
0.813640735147712 -1 1 0
2.37199157774896 -1 1 -1
0.205089614396325 -1 0 1
0.932010471966045 -1 0 0
2.50685750093447 -1 0 -1
0.695816229448925 -1 -1 1
1.43293438415467 -1 -1 0
3.00778141312309 -1 -1 -1
