0.9044656340390562 1 1 1 1 1
0.8128425102922066 1 1 1 1 0
0.8538161512659355 1 1 1 1 -1
0.7002248317334329 1 1 1 0 1
0.6013954825332853 1 1 1 0 0
0.6620865483316081 1 1 1 0 -1
0.6860425219923003 1 1 1 -1 1
0.5882770013446987 1 1 1 -1 0
0.6292048567747717 1 1 1 -1 -1
0.8146405566886888 1 1 0 1 1
0.7148702702814875 1 1 0 1 0
0.7699090521194342 1 1 0 1 -1
0.6132720213740158 1 1 0 0 1
0.4938756270284512 1 1 0 0 0
0.56063563212927 1 1 0 0 -1
0.5988304138502851 1 1 0 -1 1
0.4964630819065415 1 1 0 -1 0
0.5316624775157283 1 1 0 -1 -1
0.8782237069081099 1 1 -1 1 1
0.7845815742720109 1 1 -1 1 0
0.8285577663783994 1 1 -1 1 -1
0.6841320573747844 1 1 -1 0 1
0.577033369893643 1 1 -1 0 0
0.6263586878632126 1 1 -1 0 -1
0.663104206565633 1 1 -1 -1 1
0.5619939155373598 1 1 -1 -1 0
0.592083981231023 1 1 -1 -1 -1
0.886139262205475 1 0 1 1 1
0.7899988074992781 1 0 1 1 0
0.8503736419803609 1 0 1 1 -1
0.6974584760987085 1 0 1 0 1
0.5843814406862727 1 0 1 0 0
0.6499214393194179 1 0 1 0 -1
0.6915439138915982 1 0 1 -1 1
0.5906655171093528 1 0 1 -1 0
0.6315058333891834 1 0 1 -1 -1
0.789737291325357 1 0 0 1 1
0.680470427093324 1 0 0 1 0
0.7538928310094705 1 0 0 1 -1
0.5793405555005665 1 0 0 0 1
0.4351237342148575 1 0 0 0 0
0.5316643571617079 1 0 0 0 -1
0.5862097578389431 1 0 0 -1 1
0.4708800336702823 1 0 0 -1 0
0.5282692528866864 1 0 0 -1 -1
0.8558531036230311 1 0 -1 1 1
0.7546447040647787 1 0 -1 1 0
0.8136089263370535 1 0 -1 1 -1
0.6609575352579395 1 0 -1 0 1
0.5367447573983822 1 0 -1 0 0
0.6054357739654699 1 0 -1 0 -1
0.6543847301020262 1 0 -1 -1 1
0.5320309989980274 1 0 -1 -1 0
0.5813661047336196 1 0 -1 -1 -1
1.037406110844999 1 -1 1 1 1
0.9462908096717547 1 -1 1 1 0
0.996774058778439 1 -1 1 1 -1
0.8667679139711052 1 -1 1 0 1
0.7630364558673753 1 -1 1 0 0
0.8102771189849395 1 -1 1 0 -1
0.8508472041114875 1 -1 1 -1 1
0.7589877886374331 1 -1 1 -1 0
0.7857175154012676 1 -1 1 -1 -1
0.9443904330202346 1 -1 0 1 1
0.8479872071261322 1 -1 0 1 0
0.9052034025568458 1 -1 0 1 -1
0.7656877054010524 1 -1 0 0 1
0.6401344990400134 1 -1 0 0 0
0.7025083829212191 1 -1 0 0 -1
0.7534468503416781 1 -1 0 -1 1
0.6491549695294767 1 -1 0 -1 0
0.6885921462168498 1 -1 0 -1 -1
0.9923607864012068 1 -1 -1 1 1
0.9062336007109858 1 -1 -1 1 0
0.9568998500577105 1 -1 -1 1 -1
0.8267867444432295 1 -1 -1 0 1
0.7121325637470214 1 -1 -1 0 0
0.7622293844312581 1 -1 -1 0 -1
0.8063706241299247 1 -1 -1 -1 1
0.6928761157790135 1 -1 -1 -1 0
0.7213084787161262 1 -1 -1 -1 -1
0.7333157811726779 0 1 1 1 1
0.6322451593707701 0 1 1 1 0
0.6871861363763792 0 1 1 1 -1
0.5308254387041805 0 1 1 0 1
0.40558431222480673 0 1 1 0 0
0.47713890902886125 0 1 1 0 -1
0.5179718761402734 0 1 1 -1 1
0.39130317898558736 0 1 1 -1 0
0.43946166243885687 0 1 1 -1 -1
0.6448032120593482 0 1 0 1 1
0.5355718085948736 0 1 0 1 0
0.592147675288376 0 1 0 1 -1
0.42230045211454914 0 1 0 0 1
0.2711609652869826 0 1 0 0 0
0.36034856385454445 0 1 0 0 -1
0.4156472198165051 0 1 0 -1 1
0.28652070572398536 0 1 0 -1 0
0.33841251405124545 0 1 0 -1 -1
0.7252343878167321 0 1 -1 1 1
0.6239389143773602 0 1 -1 1 0
0.664081847346669 0 1 -1 1 -1
0.5188951530073308 0 1 -1 0 1
0.3982256197999353 0 1 -1 0 0
0.4473161688127552 0 1 -1 0 -1
0.5002735305540469 0 1 -1 -1 1
0.38211281561061133 0 1 -1 -1 0
0.4162522993032452 0 1 -1 -1 -1
0.7084038639647469 0 0 1 1 1
0.5948558472903445 0 0 1 1 0
0.6722068044590858 0 0 1 1 -1
0.49249470141497304 0 0 1 0 1
0.3454204480162324 0 0 1 0 0
0.453378679049522 0 0 1 0 -1
0.4980477356975858 0 0 1 -1 1
0.37339591066544947 0 0 1 -1 0
0.42423182942032706 0 0 1 -1 -1
0.5962186418121939 0 0 0 1 1
0.45805675783470035 0 0 0 1 0
0.5496437519825188 0 0 0 1 -1
0.3555209265639415 0 0 0 0 1
0.2934154540702112 0 0 0 0 -1
0.38585963268530415 0 0 0 -1 1
0.23216716604375434 0 0 0 -1 0
0.30822357752753865 0 0 0 -1 -1
0.6822627456747858 0 0 -1 1 1
0.5693213544261876 0 0 -1 1 0
0.6318677069646051 0 0 -1 1 -1
0.48552000351304475 0 0 -1 0 1
0.31545629998601704 0 0 -1 0 0
0.4004250808910555 0 0 -1 0 -1
0.478458537131671 0 0 -1 -1 1
0.339002107469211 0 0 -1 -1 0
0.3904446516498922 0 0 -1 -1 -1
0.8690299024482688 0 -1 1 1 1
0.7727849462619162 0 -1 1 1 0
0.828840188711633 0 -1 1 1 -1
0.6742041801668477 0 -1 1 0 1
0.5630081586603055 0 -1 1 0 0
0.6215722193739823 0 -1 1 0 -1
0.6650802669098244 0 -1 1 -1 1
0.5628318614467939 0 -1 1 -1 0
0.6020218623924447 0 -1 1 -1 -1
0.761225969166074 0 -1 0 1 1
0.647228688345092 0 -1 0 1 0
0.7142497299438922 0 -1 0 1 -1
0.5572724271784374 0 -1 0 0 1
0.4059793561171418 0 -1 0 0 0
0.49501337045099975 0 -1 0 0 -1
0.5631819468213334 0 -1 0 -1 1
0.44450060763411003 0 -1 0 -1 0
0.4916265386048615 0 -1 0 -1 -1
0.8323109695234876 0 -1 -1 1 1
0.7220470135764975 0 -1 -1 1 0
0.7866102382374648 0 -1 -1 1 -1
0.6440986243225586 0 -1 -1 0 1
0.5104385550247807 0 -1 -1 0 0
0.5735742090104357 0 -1 -1 0 -1
0.6282562598791386 0 -1 -1 -1 1
0.511209810379807 0 -1 -1 -1 0
0.5501749596879949 0 -1 -1 -1 -1
0.73168845679222 -1 1 1 1 1
0.641150621361386 -1 1 1 1 0
0.6925396572185771 -1 1 1 1 -1
0.5467197707164143 -1 1 1 0 1
0.4345174775384575 -1 1 1 0 0
0.48706618574094707 -1 1 1 0 -1
0.5155006445519371 -1 1 1 -1 1
0.4027289227114924 -1 1 1 -1 0
0.42675063590799484 -1 1 1 -1 -1
0.6690079762627461 -1 1 0 1 1
0.5674653270816513 -1 1 0 1 0
0.6096517354001321 -1 1 0 1 -1
0.4570346211761788 -1 1 0 0 1
0.3325552648012533 -1 1 0 0 0
0.39600299866857264 -1 1 0 0 -1
0.43384004902087403 -1 1 0 -1 1
0.31451838109643937 -1 1 0 -1 0
0.34881613449682464 -1 1 0 -1 -1
0.736169197416966 -1 1 -1 1 1
0.6473339981594105 -1 1 -1 1 0
0.677087941139745 -1 1 -1 1 -1
0.5348392092097014 -1 1 -1 0 1
0.4254930735984164 -1 1 -1 0 0
0.4671190592084282 -1 1 -1 0 -1
0.495446557212272 -1 1 -1 -1 1
0.38285783561186826 -1 1 -1 -1 0
0.4118676642913929 -1 1 -1 -1 -1
0.7265644736398865 -1 0 1 1 1
0.6151238954105742 -1 0 1 1 0
0.6753721540208508 -1 0 1 1 -1
0.524744551080799 -1 0 1 0 1
0.3939480620219918 -1 0 1 0 0
0.45605536738582747 -1 0 1 0 -1
0.5070281116614486 -1 0 1 -1 1
0.3859584168954537 -1 0 1 -1 0
0.42506134395998724 -1 0 1 -1 -1
0.6435034737627565 -1 0 0 1 1
0.5240087820526306 -1 0 0 1 0
0.57723303372757 -1 0 0 1 -1
0.42100898624684047 -1 0 0 0 1
0.2623628908062567 -1 0 0 0 0
0.3444742395982581 -1 0 0 0 -1
0.41734786830366866 -1 0 0 -1 1
0.2818199918938021 -1 0 0 -1 0
0.3289813836321152 -1 0 0 -1 -1
0.7167759062350548 -1 0 -1 1 1
0.6138301174615031 -1 0 -1 1 0
0.6526030417500273 -1 0 -1 1 -1
0.5093019203743497 -1 0 -1 0 1
0.3816564492474867 -1 0 -1 0 0
0.4326280121662009 -1 0 -1 0 -1
0.48386453124436124 -1 0 -1 -1 1
0.36138422426955874 -1 0 -1 -1 0
0.3954192064820356 -1 0 -1 -1 -1
0.8721007409674603 -1 -1 1 1 1
0.7799052027800787 -1 -1 1 1 0
0.8189100213146299 -1 -1 1 1 -1
0.6804858558087157 -1 -1 1 0 1
0.569055065345425 -1 -1 1 0 0
0.6140482803328444 -1 -1 1 0 -1
0.6567953425329677 -1 -1 1 -1 1
0.5507136779328574 -1 -1 1 -1 0
0.5822503380752367 -1 -1 1 -1 -1
0.7817150892219706 -1 -1 0 1 1
0.6844102211190634 -1 -1 0 1 0
0.7246720805690859 -1 -1 0 1 -1
0.5847986520445757 -1 -1 0 0 1
0.45593317445003634 -1 -1 0 0 0
0.5132240943018777 -1 -1 0 0 -1
0.5681824802438031 -1 -1 0 -1 1
0.45103822591213527 -1 -1 0 -1 0
0.48870303982561614 -1 -1 0 -1 -1
0.8492933204508133 -1 -1 -1 1 1
0.7462599925270226 -1 -1 -1 1 0
0.7819200406809019 -1 -1 -1 1 -1
0.6562854202167154 -1 -1 -1 0 1
0.5334888819246707 -1 -1 -1 0 0
0.5702127586310971 -1 -1 -1 0 -1
0.6221254313601086 -1 -1 -1 -1 1
0.5190463178926575 -1 -1 -1 -1 0
0.548563969145789 -1 -1 -1 -1 -1
