0.5949352554776622 1 1 1 1 1
0.4785418510933419 1 1 1 1 0
0.5091093094684324 1 1 1 1 -1
0.7021623883699821 1 1 1 0 1
0.5831761154494598 1 1 1 0 0
0.6040600028927058 1 1 1 0 -1
0.9717582739697197 1 1 1 -1 1
0.8646649281825142 1 1 1 -1 0
0.8845874615526568 1 1 1 -1 -1
0.6478620773942994 1 1 0 1 1
0.5332429930305455 1 1 0 1 0
0.5765045385101533 1 1 0 1 -1
0.7362370215231634 1 1 0 0 1
0.5973812635602004 1 1 0 0 0
0.6408477626901429 1 1 0 0 -1
0.9976533217165279 1 1 0 -1 1
0.8845952415271395 1 1 0 -1 0
0.9134013215925448 1 1 0 -1 -1
0.8958435311318287 1 1 -1 1 1
0.7947017998270727 1 1 -1 1 0
0.8256515563903429 1 1 -1 1 -1
0.9594035368132248 1 1 -1 0 1
0.8344836971122166 1 1 -1 0 0
0.8773455035630737 1 1 -1 0 -1
1.1891076934251747 1 1 -1 -1 1
1.0880047337775285 1 1 -1 -1 0
1.1157550607436817 1 1 -1 -1 -1
0.5478671932421036 1 0 1 1 1
0.4243089417596084 1 0 1 1 0
0.4560033645576302 1 0 1 1 -1
0.6267953015134031 1 0 1 0 1
0.49900882123175544 1 0 1 0 0
0.5465875112640433 1 0 1 0 -1
0.90057875246163 1 0 1 -1 1
0.7879847630373791 1 0 1 -1 0
0.825256072104452 1 0 1 -1 -1
0.6026988283277955 1 0 0 1 1
0.47134279438839266 1 0 0 1 0
0.5213689926079083 1 0 0 1 -1
0.6520676652951107 1 0 0 0 1
0.49441470675934734 1 0 0 0 0
0.5707618747718489 1 0 0 0 -1
0.9233751542624894 1 0 0 -1 1
0.8014415907791056 1 0 0 -1 0
0.8508942043615293 1 0 0 -1 -1
0.8588385513827429 1 0 -1 1 1
0.7427751113694541 1 0 -1 1 0
0.7863681802134566 1 0 -1 1 -1
0.9066029916290134 1 0 -1 0 1
0.7709219818685259 1 0 -1 0 0
0.8330254757538954 1 0 -1 0 -1
1.1322165995464841 1 0 -1 -1 1
1.030762729816407 1 0 -1 -1 0
1.0805604833510782 1 0 -1 -1 -1
0.6185558048041676 1 -1 1 1 1
0.5104066233239567 1 -1 1 1 0
0.5403371355832276 1 -1 1 1 -1
0.7031883965368029 1 -1 1 0 1
0.5977918476046902 1 -1 1 0 0
0.638454362162159 1 -1 1 0 -1
0.9728864399528087 1 -1 1 -1 1
0.8753947994054125 1 -1 1 -1 0
0.9017536773826883 1 -1 1 -1 -1
0.6971139996093864 1 -1 0 1 1
0.5859540121938798 1 -1 0 1 0
0.6229560819168227 1 -1 0 1 -1
0.7595247400035874 1 -1 0 0 1
0.6304545539253549 1 -1 0 0 0
0.6909909389729414 1 -1 0 0 -1
1.0171016711902015 1 -1 0 -1 1
0.908896642596862 1 -1 0 -1 0
0.94853994867629 1 -1 0 -1 -1
0.9436164644678128 1 -1 -1 1 1
0.8528037036951502 1 -1 -1 1 0
0.8808375331138526 1 -1 -1 1 -1
1.0090238183795874 1 -1 -1 0 1
0.906189076809202 1 -1 -1 0 0
0.9491103182030772 1 -1 -1 0 -1
1.2404505254187925 1 -1 -1 -1 1
1.1404137051859005 1 -1 -1 -1 0
1.1817468354612968 1 -1 -1 -1 -1
0.3668213630011389 0 1 1 1 1
0.24614948686903976 0 1 1 1 0
0.28167882533823724 0 1 1 1 -1
0.4520309126301148 0 1 1 0 1
0.3183142888724711 0 1 1 0 0
0.3596631999774211 0 1 1 0 -1
0.7366283431100015 0 1 1 -1 1
0.6173679652120697 0 1 1 -1 0
0.6502542101071763 0 1 1 -1 -1
0.40944283189377023 0 1 0 1 1
0.2847395631363205 0 1 0 1 0
0.3382585386266816 0 1 0 1 -1
0.4669886768153008 0 1 0 0 1
0.3036282594067609 0 1 0 0 0
0.38279969934479713 0 1 0 0 -1
0.7545786467443668 0 1 0 -1 1
0.6247847781287501 0 1 0 -1 0
0.6767206307176362 0 1 0 -1 -1
0.672021986946552 0 1 -1 1 1
0.5721366197431994 0 1 -1 1 0
0.6083394366740925 0 1 -1 1 -1
0.723567798699134 0 1 -1 0 1
0.593829792828094 0 1 -1 0 0
0.6513593044203558 0 1 -1 0 -1
0.9675766338376165 0 1 -1 -1 1
0.8577172780453431 0 1 -1 -1 0
0.9025947082377325 0 1 -1 -1 -1
0.3006613163101039 0 0 1 1 1
0.16835022449265813 0 0 1 1 0
0.2089386174633207 0 0 1 1 -1
0.3628492580895437 0 0 1 0 1
0.2040727621449741 0 0 1 0 0
0.2768175601762133 0 0 1 0 -1
0.6520230381212421 0 0 1 -1 1
0.5287280605169569 0 0 1 -1 0
0.5848769307168764 0 0 1 -1 -1
0.3429319510153866 0 0 0 1 1
0.19187892146526142 0 0 0 1 0
0.2651144023099992 0 0 0 1 -1
0.34562590828677825 0 0 0 0 1
0.2776316413523946 0 0 0 0 -1
0.6587676781118483 0 0 0 -1 1
0.5175379303327131 0 0 0 -1 0
0.600596692948483 0 0 0 -1 -1
0.627970329459173 0 0 -1 1 1
0.5038271923248763 0 0 -1 1 0
0.5591279029947845 0 0 -1 1 -1
0.6455699677859816 0 0 -1 0 1
0.5048309028203584 0 0 -1 0 0
0.595613131830562 0 0 -1 0 -1
0.9033500339405525 0 0 -1 -1 1
0.7947673740355145 0 0 -1 -1 0
0.8590841989185874 0 0 -1 -1 -1
0.38015084879265615 0 -1 1 1 1
0.2672791516658907 0 -1 1 1 0
0.3091442405237914 0 -1 1 1 -1
0.4545744538427444 0 -1 1 0 1
0.32905067531610804 0 -1 1 0 0
0.39079441425277334 0 -1 1 0 -1
0.7372135949639568 0 -1 1 -1 1
0.6330165110986877 0 -1 1 -1 0
0.6649076113676632 0 -1 1 -1 -1
0.4550349119479462 0 -1 0 1 1
0.33510479242468527 0 -1 0 1 0
0.39690439410592604 0 -1 0 1 -1
0.4867729894425801 0 -1 0 0 1
0.33960728257017764 0 -1 0 0 0
0.4349734330443323 0 -1 0 0 -1
0.7678908375919378 0 -1 0 -1 1
0.6463775951671998 0 -1 0 -1 0
0.7030865969902756 0 -1 0 -1 -1
0.7293266320128805 0 -1 -1 1 1
0.6284461201833971 0 -1 -1 1 0
0.6797122311469519 0 -1 -1 1 -1
0.7643946307505962 0 -1 -1 0 1
0.6550514527112711 0 -1 -1 0 0
0.7207738095345403 0 -1 -1 0 -1
1.0120692649788736 0 -1 -1 -1 1
0.9085456595753041 0 -1 -1 -1 0
0.9612232687730298 0 -1 -1 -1 -1
0.3015246001230013 -1 1 1 1 1
0.19219720291323414 -1 1 1 1 0
0.22423975621174966 -1 1 1 1 -1
0.3945470917322533 -1 1 1 0 1
0.28363158340400385 -1 1 1 0 0
0.31847205804001644 -1 1 1 0 -1
0.6519333155104969 -1 1 1 -1 1
0.5559052191574192 -1 1 1 -1 0
0.5787237129957074 -1 1 1 -1 -1
0.36907585401338705 -1 1 0 1 1
0.26143828099958577 -1 1 0 1 0
0.30164904265855025 -1 1 0 1 -1
0.4371858531775027 -1 1 0 0 1
0.3086552011955427 -1 1 0 0 0
0.36973112033939837 -1 1 0 0 -1
0.6948100049888594 -1 1 0 -1 1
0.5898136683315395 -1 1 0 -1 0
0.6329793888126689 -1 1 0 -1 -1
0.623047723395172 -1 1 -1 1 1
0.5286945784835206 -1 1 -1 1 0
0.5581919520965429 -1 1 -1 1 -1
0.6854074170421153 -1 1 -1 0 1
0.5767506355502691 -1 1 -1 0 0
0.6141529175480054 -1 1 -1 0 -1
0.9129491993306544 -1 1 -1 -1 1
0.8150244201370086 -1 1 -1 -1 0
0.8551793346828429 -1 1 -1 -1 -1
0.23631727117619414 -1 0 1 1 1
0.11852525070715299 -1 0 1 1 0
0.15198485350284993 -1 0 1 1 -1
0.3144412724464777 -1 0 1 0 1
0.18434351162673399 -1 0 1 0 0
0.25203025445284816 -1 0 1 0 -1
0.5934429857735068 -1 0 1 -1 1
0.48185564999512753 -1 0 1 -1 0
0.5299248230740413 -1 0 1 -1 -1
0.3074091328620324 -1 0 0 1 1
0.18996225234523584 -1 0 0 1 0
0.24390154889424578 -1 0 0 1 -1
0.3529358121398194 -1 0 0 0 1
0.20859437719298096 -1 0 0 0 0
0.2982530687943297 -1 0 0 0 -1
0.6292019388433536 -1 0 0 -1 1
0.5111814736894598 -1 0 0 -1 0
0.5745432406944856 -1 0 0 -1 -1
0.5825291412803419 -1 0 -1 1 1
0.4772635652788924 -1 0 -1 1 0
0.5218632877687691 -1 0 -1 1 -1
0.6295195893074085 -1 0 -1 0 1
0.5139466323407428 -1 0 -1 0 0
0.5737388456880119 -1 0 -1 0 -1
0.8645944514684663 -1 0 -1 -1 1
0.7649057617360675 -1 0 -1 -1 0
0.820469746284187 -1 0 -1 -1 -1
0.3074908717322013 -1 -1 1 1 1
0.21174627783167663 -1 -1 1 1 0
0.24485497054494473 -1 -1 1 1 -1
0.3947403234190628 -1 -1 1 0 1
0.2838842500338291 -1 -1 1 0 0
0.34080982280046496 -1 -1 1 0 -1
0.6687053851138017 -1 -1 1 -1 1
0.5697613616161536 -1 -1 1 -1 0
0.6029088259865351 -1 -1 1 -1 -1
0.4058952732564537 -1 -1 0 1 1
0.3090949262566741 -1 -1 0 1 0
0.354158739511691 -1 -1 0 1 -1
0.45900072322151975 -1 -1 0 0 1
0.34753995715720215 -1 -1 0 0 0
0.4184014481857875 -1 -1 0 0 -1
0.7203165079090049 -1 -1 0 -1 1
0.6090606954950215 -1 -1 0 -1 0
0.6556855129243976 -1 -1 0 -1 -1
0.6778395538919549 -1 -1 -1 1 1
0.5899227535874376 -1 -1 -1 1 0
0.6290218324402689 -1 -1 -1 1 -1
0.7229711040994768 -1 -1 -1 0 1
0.6340929497218555 -1 -1 -1 0 0
0.685084955708 -1 -1 -1 0 -1
0.9536794195426728 -1 -1 -1 -1 1
0.8551176942332083 -1 -1 -1 -1 0
0.9035168316831501 -1 -1 -1 -1 -1
