0.5367363737494696 1 1 1 1 1
0.6873698118534238 1 1 1 1 0
1.0043176902080653 1 1 1 1 -1
0.30191188614206466 1 1 1 0 1
0.4311869362696198 1 1 1 0 0
0.7506977709727602 1 1 1 0 -1
0.19613232533532238 1 1 1 -1 1
0.3395097137899304 1 1 1 -1 0
0.6464014719765222 1 1 1 -1 -1
0.3161604004689869 1 1 0 1 1
0.46348634209096673 1 1 0 1 0
0.8053950672031032 1 1 0 1 -1
0.07918858770152551 1 1 0 0 1
0.1973213341790113 1 1 0 0 0
0.5400267319475892 1 1 0 0 -1
-0.0006795465260347635 1 1 0 -1 1
0.12152372031004645 1 1 0 -1 0
0.4417024006155637 1 1 0 -1 -1
0.238222721790331 1 1 -1 1 1
0.3968752592833207 1 1 -1 1 0
0.7382840982099935 1 1 -1 1 -1
0.018407330832421104 1 1 -1 0 1
0.1480050590728146 1 1 -1 0 0
0.47880476224292023 1 1 -1 0 -1
-0.06647377668126771 1 1 -1 -1 1
0.06509566794455846 1 1 -1 -1 0
0.36443408453802456 1 1 -1 -1 -1
0.6221386412500486 1 0 1 1 1
0.778681498498498 1 0 1 1 0
1.130623625428022 1 0 1 1 -1
0.37271456356108534 1 0 1 0 1
0.4926773821930396 1 0 1 0 0
0.8491497190878488 1 0 1 0 -1
0.2736801515520563 1 0 1 -1 1
0.40447365486708325 1 0 1 -1 0
0.7429215533989235 1 0 1 -1 -1
0.39805449142649096 1 0 0 1 1
0.5344448876178907 1 0 0 1 0
0.9052640678559335 1 0 0 1 -1
0.13881760609710242 1 0 0 0 1
0.22009335838177269 1 0 0 0 0
0.6172819436724226 1 0 0 0 -1
0.06822485973975419 1 0 0 -1 1
0.17312970674289133 1 0 0 -1 0
0.5193855784103356 1 0 0 -1 -1
0.3415003935697934 1 0 -1 1 1
0.4851746457540689 1 0 -1 1 0
0.8430255333344623 1 0 -1 1 -1
0.09814275857504272 1 0 -1 0 1
0.21430539646698837 1 0 -1 0 0
0.5801519897539845 1 0 -1 0 -1
0.02730770532088734 1 0 -1 -1 1
0.14908762725375999 1 0 -1 -1 0
0.4709196592312838 1 0 -1 -1 -1
0.8860564731880192 1 -1 1 1 1
1.07568136945022 1 -1 1 1 0
1.4244565312125783 1 -1 1 1 -1
0.6405779041921925 1 -1 1 0 1
0.7904282924744177 1 -1 1 0 0
1.1376157598205883 1 -1 1 0 -1
0.535910236846015 1 -1 1 -1 1
0.6845006448541969 1 -1 1 -1 0
1.0122866856593047 1 -1 1 -1 -1
0.6799419658142544 1 -1 0 1 1
0.8477514686761323 1 -1 0 1 0
1.210168865615664 1 -1 0 1 -1
0.416118934947931 1 -1 0 0 1
0.5590707991983849 1 -1 0 0 0
0.927328651194953 1 -1 0 0 -1
0.33089818588721587 1 -1 0 -1 1
0.4678085387581945 1 -1 0 -1 0
0.8105496041464705 1 -1 0 -1 -1
0.6157599208961679 1 -1 -1 1 1
0.7867103669428086 1 -1 -1 1 0
1.1447746291038114 1 -1 -1 1 -1
0.3716568159551134 1 -1 -1 0 1
0.523114256078906 1 -1 -1 0 0
0.886003314942955 1 -1 -1 0 -1
0.27523806296470277 1 -1 -1 -1 1
0.4327349479919987 1 -1 -1 -1 0
0.7653526161194558 1 -1 -1 -1 -1
0.5406373317044147 0 1 1 1 1
0.686028325822466 0 1 1 1 0
1.0191779332194768 0 1 1 1 -1
0.2984751295513905 0 1 1 0 1
0.4216468326009891 0 1 1 0 0
0.7524811969382875 0 1 1 0 -1
0.21481569652847887 0 1 1 -1 1
0.3445981695888523 0 1 1 -1 0
0.659347157829768 0 1 1 -1 -1
0.31400544747464154 0 1 0 1 1
0.44131180637526196 0 1 0 1 0
0.8010499930324709 0 1 0 1 -1
0.06921928093673964 0 1 0 0 1
0.1607293157874945 0 1 0 0 0
0.5270927398275939 0 1 0 0 -1
0.01267311292152408 0 1 0 -1 1
0.12114516447223547 0 1 0 -1 0
0.4461534636507932 0 1 0 -1 -1
0.2482035643995238 0 1 -1 1 1
0.40037233569570174 0 1 -1 1 0
0.7532464048517191 0 1 -1 1 -1
0.02430499243270797 0 1 -1 0 1
0.14189229618339816 0 1 -1 0 0
0.49495991279988377 0 1 -1 0 -1
-0.03925244609292212 0 1 -1 -1 1
0.08478024771962152 0 1 -1 -1 0
0.3894861386906833 0 1 -1 -1 -1
0.6212945259579904 0 0 1 1 1
0.7717326817340935 0 0 1 1 0
1.1549834457019161 0 0 1 1 -1
0.36315232999416386 0 0 1 0 1
0.45812638251291526 0 0 1 0 0
0.8520158469980224 0 0 1 0 -1
0.2886961537431002 0 0 1 -1 1
0.40724062425346286 0 0 1 -1 0
0.7587588666950971 0 0 1 -1 -1
0.3838721609141431 0 0 0 1 1
0.4991696582602714 0 0 0 1 0
0.9169446443539225 0 0 0 1 -1
0.1060679050868393 0 0 0 0 1
0.5990223440898124 0 0 0 0 -1
0.0775042753375364 0 0 0 -1 1
0.15268372824690107 0 0 0 -1 0
0.5303406699037676 0 0 0 -1 -1
0.3461426733002159 0 0 -1 1 1
0.48757886986159454 0 0 -1 1 0
0.8619888383542423 0 0 -1 1 -1
0.09291372358976557 0 0 -1 0 1
0.19197869810765134 0 0 -1 0 0
0.5899590845919216 0 0 -1 0 -1
0.049395392280274925 0 0 -1 -1 1
0.15909906731545312 0 0 -1 -1 0
0.5016153505423564 0 0 -1 -1 -1
0.9029338063752538 0 -1 1 1 1
1.0911823544071941 0 -1 1 1 0
1.4601040995976464 0 -1 1 1 -1
0.6619216504710721 0 -1 1 0 1
0.8018084728575899 0 -1 1 0 0
1.1771756081098987 0 -1 1 0 -1
0.5737222125095138 0 -1 1 -1 1
0.7138025823565136 0 -1 1 -1 0
1.054588250063338 0 -1 1 -1 -1
0.6934534469301129 0 -1 0 1 1
0.8613995867545536 0 -1 0 1 0
1.245881974206843 0 -1 0 1 -1
0.42790679309352186 0 -1 0 0 1
0.5544978080564058 0 -1 0 0 0
0.9559422122086781 0 -1 0 0 -1
0.35537811628501054 0 -1 0 -1 1
0.4885943686308148 0 -1 0 -1 0
0.8542424487332051 0 -1 0 -1 -1
0.6404994567038274 0 -1 -1 1 1
0.818704907465926 0 -1 -1 1 0
1.1818768734085598 0 -1 -1 1 -1
0.3871475657989579 0 -1 -1 0 1
0.5492676404646751 0 -1 -1 0 0
0.9190503764180832 0 -1 -1 0 -1
0.3073583720667674 0 -1 -1 -1 1
0.4671632036727603 0 -1 -1 -1 0
0.8147266485577265 0 -1 -1 -1 -1
0.6899344667462625 -1 1 1 1 1
0.8502712376218187 -1 1 1 1 0
1.1857287915975316 -1 1 1 1 -1
0.464099235556374 -1 1 1 0 1
0.59416461569534 -1 1 1 0 0
0.9356616145745548 -1 1 1 0 -1
0.37638461970384596 -1 1 1 -1 1
0.5112747965458495 -1 1 1 -1 0
0.8332787895022252 -1 1 1 -1 -1
0.46898377036801997 -1 1 0 1 1
0.6191971439827603 -1 1 0 1 0
0.9752412301147868 -1 1 0 1 -1
0.23927688740312353 -1 1 0 0 1
0.36397347440956 -1 1 0 0 0
0.713976049162121 -1 1 0 0 -1
0.1756311718104476 -1 1 0 -1 1
0.306168213873921 -1 1 0 -1 0
0.6313131500150541 -1 1 0 -1 -1
0.40457316747560473 -1 1 -1 1 1
0.5697415656735026 -1 1 -1 1 0
0.9141055966683338 -1 1 -1 1 -1
0.18341631162350472 -1 1 -1 0 1
0.3291832832803387 -1 1 -1 0 0
0.6722873340011253 -1 1 -1 0 -1
0.12377115300211056 -1 1 -1 -1 1
0.2679504302427578 -1 1 -1 -1 0
0.5712799729835625 -1 1 -1 -1 -1
0.7892700021270355 -1 0 1 1 1
0.9603924091525085 -1 0 1 1 0
1.331566926222641 -1 0 1 1 -1
0.5520164026363436 -1 0 1 0 1
0.6791242483523621 -1 0 1 0 0
1.055916049463416 -1 0 1 0 -1
0.4684040162034314 -1 0 1 -1 1
0.6035075676260573 -1 0 1 -1 0
0.952787754444785 -1 0 1 -1 -1
0.5715882369008292 -1 0 0 1 1
0.7182868042363945 -1 0 0 1 0
1.1063363962362558 -1 0 0 1 -1
0.3229986721495248 -1 0 0 0 1
0.4187645258618631 -1 0 0 0 0
0.8304432125802255 -1 0 0 0 -1
0.2644948663196541 -1 0 0 -1 1
0.386630125084619 -1 0 0 -1 0
0.7431941678962328 -1 0 0 -1 -1
0.5289765274841568 -1 0 -1 1 1
0.6834830679553339 -1 0 -1 1 0
1.045644003643309 -1 0 -1 1 -1
0.28871876315969797 -1 0 -1 0 1
0.4252008652679005 -1 0 -1 0 0
0.7981924856389584 -1 0 -1 0 -1
0.22370673948648664 -1 0 -1 -1 1
0.36471905155997036 -1 0 -1 -1 0
0.7011306333145346 -1 0 -1 -1 -1
1.0765529197027073 -1 -1 1 1 1
1.2701689421122428 -1 -1 1 1 0
1.6315539364894094 -1 -1 1 1 -1
0.8444376673942242 -1 -1 1 0 1
1.0065924032271156 -1 -1 1 0 0
1.3699491139897233 -1 -1 1 0 -1
0.7574310733479068 -1 -1 1 -1 1
0.9089766734242443 -1 -1 1 -1 0
1.2432785749342639 -1 -1 1 -1 -1
0.8876735513749969 -1 -1 0 1 1
1.0604493100724781 -1 -1 0 1 0
1.431200482239397 -1 -1 0 1 -1
0.6395119526936364 -1 -1 0 0 1
0.7897609939280656 -1 -1 0 0 0
1.164582686453585 -1 -1 0 0 -1
0.5583943579357574 -1 -1 0 -1 1
0.7094400718266395 -1 -1 0 -1 0
1.0550685692076645 -1 -1 0 -1 -1
0.8262249383306995 -1 -1 -1 1 1
1.012287619147112 -1 -1 -1 1 0
1.3618646696955143 -1 -1 -1 1 -1
0.5840353073135466 -1 -1 -1 0 1
0.7574789116134235 -1 -1 -1 0 0
1.1211583004888723 -1 -1 -1 0 -1
0.4911692965354683 -1 -1 -1 -1 1
0.6671758571838369 -1 -1 -1 -1 0
1.0094968580828938 -1 -1 -1 -1 -1
