 0.612659         1         1         1         1         1
 0.346828         1         1         1         1         0
  0.58506         1         1         1         1        -1
 0.772742         1         1         1         0         1
  0.38393         1         1         1         0         0
 0.522177         1         1         1         0        -1
  1.42671         1         1         1        -1         1
 0.996537         1         1         1        -1         0
 0.957097         1         1         1        -1        -1
  1.70868         1         1         0         1         1
  1.45628         1         1         0         1         0
  1.57932         1         1         0         1        -1
  1.76475         1         1         0         0         1
  1.29925         1         1         0         0         0
  1.29101         1         1         0         0        -1
  2.27028         1         1         0        -1         1
  1.64187         1         1         0        -1         0
  1.41612         1         1         0        -1        -1
  3.23187         1         1        -1         1         1
  3.02086         1         1        -1         1         0
  3.07828         1         1        -1         1        -1
  3.17763         1         1        -1         0         1
  2.86036         1         1        -1         0         0
  2.81829         1         1        -1         0        -1
  3.64683         1         1        -1        -1         1
  3.06243         1         1        -1        -1         0
  2.86723         1         1        -1        -1        -1
 0.581507         1         0         1         1         1
 0.549067         1         0         1         1         0
  1.03774         1         0         1         1        -1
 0.823159         1         0         1         0         1
  0.69217         1         0         1         0         0
  1.03849         1         0         1         0        -1
  1.64921         1         0         1        -1         1
  1.44198         1         0         1        -1         0
  1.62605         1         0         1        -1        -1
  1.46633         1         0         0         1         1
  1.25617         1         0         0         1         0
   1.5736         1         0         0         1        -1
  1.45291         1         0         0         0         1
 0.826731         1         0         0         0         0
  1.29134         1         0         0         0        -1
  2.09643         1         0         0        -1         1
  1.61329         1         0         0        -1         0
   1.6923         1         0         0        -1        -1
  2.94836         1         0        -1         1         1
  2.86596         1         0        -1         1         0
  2.96108         1         0        -1         1        -1
  2.86527         1         0        -1         0         1
  2.54508         1         0        -1         0         0
  2.74102         1         0        -1         0        -1
  3.42514         1         0        -1        -1         1
  2.85594         1         0        -1        -1         0
  2.80908         1         0        -1        -1        -1
  1.11045         1        -1         1         1         1
  1.41558         1        -1         1         1         0
  2.02694         1        -1         1         1        -1
  1.57796         1        -1         1         0         1
  1.72008         1        -1         1         0         0
  2.21411         1        -1         1         0        -1
  2.43727         1        -1         1        -1         1
   2.4736         1        -1         1        -1         0
  2.79122         1        -1         1        -1        -1
  1.63001         1        -1         0         1         1
  1.66687         1        -1         0         1         0
  2.22876         1        -1         0         1        -1
   1.6928         1        -1         0         0         1
  1.66639         1        -1         0         0         0
   2.3037         1        -1         0         0        -1
  2.52982         1        -1         0        -1         1
  2.34694         1        -1         0        -1         0
  2.77713         1        -1         0        -1        -1
  3.01329         1        -1        -1         1         1
  2.95738         1        -1        -1         1         0
  3.19001         1        -1        -1         1        -1
  2.94701         1        -1        -1         0         1
  2.82068         1        -1        -1         0         0
  3.08786         1        -1        -1         0        -1
  3.51249         1        -1        -1        -1         1
   3.1427         1        -1        -1        -1         0
  3.41603         1        -1        -1        -1        -1
  0.16579         0         1         1         1         1
-0.182184         0         1         1         1         0
 0.204404         0         1         1         1        -1
 0.418342         0         1         1         0         1
0.0138883         0         1         1         0         0
 0.243617         0         1         1         0        -1
  1.30507         0         1         1        -1         1
 0.937905         0         1         1        -1         0
  1.05801         0         1         1        -1        -1
  1.15955         0         1         0         1         1
 0.857623         0         1         0         1         0
  1.05134         0         1         0         1        -1
  1.28579         0         1         0         0         1
 0.486824         0         1         0         0         0
 0.701897         0         1         0         0        -1
  2.06615         0         1         0        -1         1
  1.40767         0         1         0        -1         0
  1.29501         0         1         0        -1        -1
  2.68081         0         1        -1         1         1
  2.54628         0         1        -1         1         0
  2.65463         0         1        -1         1        -1
  2.85095         0         1        -1         0         1
  2.20517         0         1        -1         0         0
  2.34623         0         1        -1         0        -1
  3.43845         0         1        -1        -1         1
  2.84111         0         1        -1        -1         0
  2.54867         0         1        -1        -1        -1
 0.130964         0         0         1         1         1
 0.188508         0         0         1         1         0
 0.803331         0         0         1         1        -1
  0.54478         0         0         1         0         1
 0.255786         0         0         1         0         0
 0.982216         0         0         1         0        -1
  1.66754         0         0         1        -1         1
  1.55278         0         0         1        -1         0
  1.82474         0         0         1        -1        -1
 0.781794         0         0         0         1         1
 0.429438         0         0         0         1         0
  1.12844         0         0         0         1        -1
 0.798964         0         0         0         0         1
 0.754252         0         0         0         0        -1
  1.94186         0         0         0        -1         1
  1.36464         0         0         0        -1         0
  1.81337         0         0         0        -1        -1
  2.35979         0         0        -1         1         1
  2.14779         0         0        -1         1         0
  2.49353         0         0        -1         1        -1
  2.42961         0         0        -1         0         1
  1.71835         0         0        -1         0         0
  2.22659         0         0        -1         0        -1
  3.13412         0         0        -1        -1         1
  2.57797         0         0        -1        -1         0
  2.61363         0         0        -1        -1        -1
 0.906236         0        -1         1         1         1
  1.26485         0        -1         1         1         0
  1.90304         0        -1         1         1        -1
  1.47331         0        -1         1         0         1
   1.4446         0        -1         1         0         0
  2.19885         0        -1         1         0        -1
  2.57415         0        -1         1        -1         1
  2.64475         0        -1         1        -1         0
  2.95944         0        -1         1        -1        -1
  1.05585         0        -1         0         1         1
  1.27141         0        -1         0         1         0
  2.03022         0        -1         0         1        -1
  1.35802         0        -1         0         0         1
  1.18881         0        -1         0         0         0
  1.94306         0        -1         0         0        -1
  2.56099         0        -1         0        -1         1
  2.51872         0        -1         0        -1         0
  2.94414         0        -1         0        -1        -1
  2.40928         0        -1        -1         1         1
  2.38566         0        -1        -1         1         0
  2.77515         0        -1        -1         1        -1
  2.50507         0        -1        -1         0         1
  2.29033         0        -1        -1         0         0
  2.81401         0        -1        -1         0        -1
  3.30938         0        -1        -1        -1         1
  2.98168         0        -1        -1        -1         0
  3.40626         0        -1        -1        -1        -1
 0.034095        -1         1         1         1         1
-0.121031        -1         1         1         1         0
 0.274017        -1         1         1         1        -1
 0.571154        -1         1         1         0         1
 0.371297        -1         1         1         0         0
  0.64304        -1         1         1         0        -1
  1.60519        -1         1         1        -1         1
  1.45079        -1         1         1        -1         0
  1.63251        -1         1         1        -1        -1
  0.98194        -1         1         0         1         1
  0.64034        -1         1         0         1         0
 0.960635        -1         1         0         1        -1
  1.40726        -1         1         0         0         1
 0.840382        -1         1         0         0         0
 0.940558        -1         1         0         0        -1
  2.27375        -1         1         0        -1         1
  1.78169        -1         1         0        -1         0
  1.87009        -1         1         0        -1        -1
  2.55235        -1         1        -1         1         1
  2.34431        -1         1        -1         1         0
  2.44556        -1         1        -1         1        -1
  2.89118        -1         1        -1         0         1
  2.41761        -1         1        -1         0         0
  2.34181        -1         1        -1         0        -1
  3.56493        -1         1        -1        -1         1
   3.0047        -1         1        -1        -1         0
  2.79459        -1         1        -1        -1        -1
 0.174909        -1         0         1         1         1
 0.410111        -1         0         1         1         0
  1.01762        -1         0         1         1        -1
 0.914747        -1         0         1         0         1
  0.97056        -1         0         1         0         0
  1.40747        -1         0         1         0        -1
  2.11679        -1         0         1        -1         1
   2.1384        -1         0         1        -1         0
  2.39506        -1         0         1        -1        -1
 0.672041        -1         0         0         1         1
 0.624791        -1         0         0         1         0
  1.26489        -1         0         0         1        -1
   1.1224        -1         0         0         0         1
 0.813371        -1         0         0         0         0
  1.54838        -1         0         0         0        -1
  2.32819        -1         0         0        -1         1
  2.16291        -1         0         0        -1         0
  2.45509        -1         0         0        -1        -1
  2.15485        -1         0        -1         1         1
  2.04961        -1         0        -1         1         0
  2.36686        -1         0        -1         1        -1
  2.46872        -1         0        -1         0         1
  2.11194        -1         0        -1         0         0
  2.36913        -1         0        -1         0        -1
  3.35137        -1         0        -1        -1         1
  2.92609        -1         0        -1        -1         0
  3.11102        -1         0        -1        -1        -1
  1.16699        -1        -1         1         1         1
   1.4929        -1        -1         1         1         0
  2.12478        -1        -1         1         1        -1
  1.85904        -1        -1         1         0         1
   2.1207        -1        -1         1         0         0
  2.59934        -1        -1         1         0        -1
   2.9867        -1        -1         1        -1         1
  3.10298        -1        -1         1        -1         0
  3.49476        -1        -1         1        -1        -1
  1.15741        -1        -1         0         1         1
  1.53107        -1        -1         0         1         0
  2.24547        -1        -1         0         1        -1
  1.87807        -1        -1         0         0         1
  2.00218        -1        -1         0         0         0
  2.63133        -1        -1         0         0        -1
  3.06305        -1        -1         0        -1         1
  3.07977        -1        -1         0        -1         0
  3.45887        -1        -1         0        -1        -1
  2.21484        -1        -1        -1         1         1
  2.24903        -1        -1        -1         1         0
  2.85319        -1        -1        -1         1        -1
  2.60981        -1        -1        -1         0         1
  2.51066        -1        -1        -1         0         0
  3.13182        -1        -1        -1         0        -1
  3.57778        -1        -1        -1        -1         1
  3.50105        -1        -1        -1        -1         0
  3.88958        -1        -1        -1        -1        -1
